step,mean_ep_reward,suc_pct,col_pct,pcol_pct,tmo_pct,n_ep
2457600,-107.6328,5.5968,93.701,0.7021,0.0,9827
4915200,-85.9401,9.9428,89.3417,0.7156,0.0,13276
7372800,-84.4822,9.8494,89.4426,0.708,0.0,11158
9830400,-80.9684,9.94,72.9977,0.6609,16.4014,11499
12288000,-68.5272,13.3957,73.1298,0.6647,12.8098,8876
14745600,-53.5282,16.4292,64.6484,0.54,18.3824,8704
17203200,-37.8714,21.4554,60.2465,0.2934,18.0047,8520
19660800,-13.626,29.0818,46.6,0.2263,24.0919,8397
22118400,14.6186,39.2015,39.0643,0.1996,21.5346,8015
24576000,3.9272,47.5633,52.2795,0.1572,0.0,5725
27033600,69.3033,65.0838,34.7892,0.127,0.0,7876
29491200,35.0819,59.6972,40.0817,0.2212,0.0,5878
31948800,100.2597,75.8,24.0875,0.1125,0.0,8000
34406400,109.7702,78.7682,21.1073,0.1246,0.0,7225
36864000,66.5614,56.4946,13.4761,0.0682,29.9611,10270
39321600,64.9626,71.2035,28.6547,0.1418,0.0,6348
41779200,126.5332,85.665,14.2238,0.1112,0.0,8992
44236800,132.034,87.4804,12.4471,0.0725,0.0,8275
46694400,92.0928,67.5273,9.5382,0.0585,22.8761,10264
49152000,82.677,77.5885,22.2782,0.1333,0.0,6751
51609600,141.743,91.4118,8.5556,0.0325,0.0,9222
54067200,147.1195,92.735,7.2056,0.0594,0.0,8424
56524800,103.4124,71.5338,8.0375,0.0574,20.3713,10451
58982400,123.966,82.1042,8.194,0.0874,9.6143,9153
61440000,126.0233,81.3818,6.889,0.0891,11.6401,10103
63897600,109.1214,86.9395,12.9344,0.1261,0.0,7136
66355200,149.414,93.8936,6.0467,0.0597,0.0,10055
68812800,150.213,93.7487,6.1786,0.0727,0.0,9630
71270400,119.3986,78.9982,5.8755,0.0993,15.0271,11080
73728000,133.915,86.2987,6.5203,0.1166,7.0644,10291
76185600,133.9945,85.1397,6.1089,0.0627,8.6886,11164
78643200,137.5381,86.9236,5.4147,0.0541,7.6076,11081
81100800,137.7107,86.836,4.9476,0.0977,8.1187,11258
83558400,137.617,87.1067,5.1027,0.0969,7.6937,11347
86016000,139.791,87.5354,4.7815,0.103,7.5801,11649
88473600,138.8864,87.3374,5.196,0.1106,7.3561,11759
90931200,142.4104,88.5412,4.2732,0.0693,7.1162,11537
93388800,141.0762,87.9688,4.7284,0.0944,7.2084,11653
95846400,143.5925,88.8815,4.277,0.0752,6.7664,11971
98304000,142.9701,88.8925,4.0733,0.0491,6.9851,12226
100761600,145.6447,89.6716,4.2138,0.0647,6.0498,12364
103219200,146.5402,89.8073,4.3695,0.0817,5.7416,12244
105676800,146.8328,89.8907,4.0955,0.1133,5.9004,12355
108134400,148.0866,90.468,3.9628,0.0815,5.4876,12264
110592000,146.8832,89.6284,4.4184,0.0404,5.9128,12380
113049600,147.3608,89.8659,4.3478,0.1051,5.6813,12374
115507200,148.2854,90.3407,4.1626,0.0563,5.4404,12444
117964800,149.9067,90.5143,4.127,0.112,5.2467,12503
120422400,149.9582,90.4876,4.1487,0.056,5.3078,12510
122880000,151.2937,91.4243,3.3368,0.0476,5.1914,12617
125337600,151.5441,91.6431,3.1761,0.0865,5.0943,12720
127795200,152.1135,91.7284,3.3488,0.0617,4.8611,12960
130252800,151.9539,91.9531,3.2832,0.0537,4.71,13036
132710400,153.3785,91.9639,3.1584,0.0757,4.8019,13203
135168000,154.0606,92.699,3.0895,0.0615,4.15,13012
137625600,153.977,92.3921,3.1904,0.0614,4.3562,13039
140083200,154.8468,92.5301,2.83,0.046,4.5939,13039
142540800,154.341,92.1704,3.3351,0.0828,4.4117,13283
144998400,154.5829,91.9062,3.5855,0.0908,4.4175,13220
147456000,154.2445,92.0717,3.7402,0.0971,4.0911,13395
149913600,154.1088,91.8561,3.4924,0.1212,4.5303,13200
152371200,153.5496,91.6334,4.1042,0.0452,4.2172,13279
154828800,155.4241,92.479,3.4775,0.0819,3.9616,13429
157286400,154.2897,91.8701,4.0169,0.0592,4.0539,13518
159744000,156.4166,92.6268,3.0709,0.0513,4.251,13644
162201600,156.5938,92.5816,2.9451,0.1113,4.362,13480
164659200,156.8405,92.9666,2.6283,0.0666,4.3385,13507
167116800,156.831,92.8458,2.7516,0.1014,4.3012,13810
169574400,157.1452,93.0258,2.7606,0.0363,4.1773,13765
172032000,157.6051,93.1703,2.8379,0.0653,3.9265,13778
174489600,157.8331,92.9464,2.7367,0.0646,4.2523,13922
176947200,159.1951,93.5442,2.3528,0.0861,4.0169,13941
179404800,158.7963,93.4276,2.5159,0.0919,3.9647,14150
181862400,159.0786,93.4021,2.6164,0.064,3.9175,14065
184320000,159.295,93.353,2.7539,0.0577,3.8353,13871
186777600,159.523,93.3819,2.7534,0.0637,3.801,14128
189235200,159.1493,93.1142,2.7274,0.0425,4.1159,14116
191692800,158.8051,92.9849,2.9913,0.0849,3.9389,14141
194150400,156.8554,92.0185,3.8926,0.0701,4.0188,14258
196608000,159.7714,93.1185,2.6918,0.0636,4.126,14154
199065600,160.8068,93.577,2.3103,0.1359,3.9768,13981
201523200,160.3135,93.6571,2.2541,0.0569,4.0319,14063
203980800,160.3828,93.2267,2.2648,0.092,4.4164,14129
206438400,160.5567,93.3176,2.1209,0.0348,4.5268,14381
208896000,160.558,93.2831,2.2458,0.0753,4.3958,14605
211353600,160.7742,93.3983,2.3918,0.083,4.1269,14466
213811200,162.0105,93.8713,2.0772,0.0891,3.9624,14587
216268800,161.6935,93.8275,2.3511,0.0474,3.774,14759
218726400,160.1329,93.2162,2.9629,0.0536,3.7673,14918
221184000,161.3996,93.7632,2.4868,0.0592,3.6908,15200
223641600,162.5099,94.2169,2.2191,0.0605,3.5035,14871
226099200,161.7246,93.7228,2.3155,0.0268,3.935,14943
228556800,161.4579,93.9291,2.3536,0.0656,3.6517,15253
231014400,162.3246,94.0579,2.103,0.0721,3.767,15264
233472000,163.4136,94.608,2.0373,0.045,3.3098,15560
235929600,162.7281,94.2631,2.4274,0.0773,3.2322,15531
238387200,160.7049,93.4386,3.107,0.0568,3.3975,15835
240844800,163.7168,94.4253,2.3782,0.0575,3.139,15642
243302400,164.3175,94.8555,2.0629,0.0318,3.0498,15706
245760000,164.2892,94.8516,2.0162,0.0571,3.0751,15772
248217600,164.6267,94.9622,1.9719,0.0445,3.0214,15721
250675200,164.7911,94.8097,1.9223,0.0705,3.1975,15606
253132800,164.8383,94.6737,2.0214,0.0963,3.2086,15583
255590400,164.4319,94.8754,1.8211,0.0895,3.2141,15650
258048000,164.6985,94.7847,1.8572,0.0636,3.2945,15723
260505600,165.4934,95.1693,1.985,0.0754,2.7703,15919
262963200,165.1221,94.9848,1.8,0.1117,3.1035,16111
265420800,165.1607,94.8626,1.7646,0.0501,3.3227,15981
267878400,166.1128,95.3584,1.8391,0.0563,2.7462,15986
270336000,165.6188,95.097,2.0544,0.063,2.7855,15868
272793600,165.4736,94.9851,1.7625,0.0888,3.1636,15773
275251200,166.4745,95.1251,1.742,0.0638,3.0692,15672
277708800,167.8512,95.3008,1.5834,0.0445,3.0713,15726
280166400,168.0887,95.5294,1.4539,0.0576,2.9591,15613
282624000,167.5875,95.2223,1.635,0.0763,3.0664,15719
285081600,167.7805,95.2994,1.6657,0.0442,2.9907,15849
287539200,167.7967,95.3789,1.5615,0.0317,3.0278,15754
289996800,167.6129,95.1958,1.6139,0.0813,3.109,15986
292454400,168.1112,95.4506,1.4495,0.0251,3.0748,15936
294912000,168.9383,95.6239,1.3253,0.1,2.9507,15996
297369600,168.4343,95.5356,1.4902,0.0621,2.9121,16105
299827200,169.1645,95.6805,1.4212,0.0496,2.8486,16113
302284800,168.443,95.3258,1.5664,0.0689,3.0388,15960
304742400,169.3445,95.6787,1.4467,0.0998,2.7748,16037
307200000,169.4636,95.705,1.4422,0.0756,2.7773,15879
309657600,168.331,95.3851,1.5588,0.0431,3.0129,16230
312115200,168.7958,95.3829,1.458,0.0498,3.1092,16049
314572800,169.243,95.5366,1.5746,0.0424,2.8464,16512
317030400,167.9539,95.0827,2.2695,0.0549,2.5929,16391
319488000,169.5549,95.6424,1.7443,0.0912,2.5222,16454
321945600,170.971,96.1686,1.4238,0.11,2.2976,16365
324403200,170.1797,96.0,1.366,0.0613,2.5727,16325
326860800,171.1752,96.2243,1.3763,0.0304,2.3689,16421
329318400,169.8099,95.8653,1.5182,0.084,2.5324,16664
331776000,170.5753,96.3333,1.3431,0.0535,2.2702,16827
334233600,170.4918,96.2493,1.3298,0.0835,2.3375,16770
336691200,170.3703,96.1719,1.6004,0.0879,2.1398,17058
339148800,169.8398,96.0045,1.5711,0.0647,2.3597,16994
341606400,170.7794,96.3432,1.5823,0.0996,1.9749,17064
344064000,171.0437,96.4539,1.4922,0.0761,1.9779,17089
346521600,171.0412,96.4172,1.4885,0.0865,2.0077,17333
348979200,170.9479,96.323,1.4869,0.0634,2.1267,17351
351436800,172.1431,96.6987,1.2693,0.0524,1.9796,17175
353894400,171.9993,96.6046,1.196,0.0817,2.1177,17141
356352000,172.2057,96.7643,1.1803,0.0587,1.9966,17029
358809600,171.9384,96.5041,1.2544,0.1045,2.137,17220
361267200,171.9187,96.3463,1.1913,0.0798,2.3826,17544
363724800,172.1942,96.6982,1.2623,0.0701,1.9694,17112
366182400,171.6958,96.4925,1.2611,0.0763,2.1702,17049
368640000,171.9775,96.4539,1.3492,0.0692,2.1277,17343
371097600,171.4261,96.4528,1.4005,0.0574,2.0893,17422
373555200,171.5807,96.2906,1.3244,0.086,2.299,17442
376012800,172.5896,96.6734,1.1649,0.058,2.1037,17255
378470400,172.4429,96.5521,1.3151,0.0801,2.0527,17489
380928000,172.5057,96.5958,1.2952,0.0745,2.0345,17449
383385600,171.827,96.4955,1.2821,0.057,2.1654,17549
385843200,172.9094,96.5578,1.2481,0.0855,2.1086,17547
388300800,173.7236,97.0026,1.1876,0.0848,1.7249,17682
390758400,173.4931,96.7777,1.2327,0.0803,1.9093,17441
393216000,172.5031,96.5302,1.3441,0.0731,2.0526,17782
