step,mean_ep_reward,suc_pct,col_pct,pcol_pct,tmo_pct,n_ep
524288,-71.0451,0.2081,80.8888,18.903,0.0,8168
3145728,-67.6328,1.3312,79.5641,19.1047,0.0,6836
5767168,-52.6633,5.6541,70.2661,21.9956,2.0843,4510
8388608,-33.2682,10.2524,55.8623,27.6288,6.2566,3804
11010048,-19.981,14.1282,48.8541,29.823,7.1947,3447
13631488,-54.0643,1.2513,59.7444,39.0043,0.0,3756
16252928,-6.5356,19.2409,43.9934,36.7657,0.0,3030
18874368,-1.6912,19.6666,38.9626,34.1772,7.1936,3239
21495808,7.1844,22.1374,34.0331,36.8003,7.0293,3144
24117248,10.8247,23.142,32.3263,37.5529,6.9789,3310
26738688,46.7427,37.7909,26.1032,36.1059,0.0,3739
29360128,16.4892,20.8991,19.5344,36.2858,23.2807,3737
31981568,32.7542,26.5625,13.4885,49.8724,10.0765,3136
34603008,32.2287,24.871,10.3226,53.7742,11.0323,3100
37224448,36.5844,25.7595,8.2765,56.6026,9.3614,3226
39845888,39.3186,26.7149,8.2489,56.9899,8.0463,3455
42467328,44.5293,27.9294,5.7348,59.9669,6.3689,3627
45088768,49.3506,30.3319,6.148,56.6377,6.8825,3676
47710208,46.6494,28.8762,6.1771,58.968,5.9787,4031
50331648,52.1159,30.6984,4.8982,59.9418,4.4617,4124
52953088,54.6883,31.6428,4.4101,59.6472,4.2999,4535
55574528,61.722,34.1577,2.8483,60.1678,2.8262,4529
58195968,63.1485,34.24,2.1257,61.2343,2.4,4375
60817408,65.0056,34.9476,1.8626,60.2095,2.9802,4295
63438848,64.4414,34.3805,1.4279,61.5773,2.6142,4552
66060288,63.0679,33.6389,1.5988,62.5453,2.217,4691
68681728,64.1506,33.7853,0.984,63.5032,1.7275,4573
71303168,64.0871,33.9443,1.4483,62.4349,2.1724,4419
73924608,65.9618,34.5764,0.8057,62.2698,2.3481,4344
76546048,66.0106,34.5679,1.1203,62.1399,2.1719,4374
79167488,66.3353,34.5406,1.2072,62.1954,2.0568,4473
81788928,25.8333,14.9242,1.571,83.5049,0.0,3692
84410368,70.43,36.6406,1.4578,61.9017,0.0,4596
87031808,69.0515,36.0649,1.6432,60.6054,1.6865,4625
89653248,68.5788,35.8869,1.9664,60.4465,1.7001,4882
92274688,71.479,37.3787,2.2372,58.8596,1.5245,5051
94896128,74.7729,38.9339,2.0928,57.6308,1.3425,5065
97517568,71.3929,37.2107,1.9062,59.4437,1.4394,5141
100139008,76.4762,39.6905,1.869,56.9936,1.4469,4976
102760448,72.9915,38.1324,2.0316,58.5857,1.2502,5119
105381888,78.7527,40.7663,1.6858,56.6858,0.8621,5220
108003328,77.5289,39.9676,1.397,57.5015,1.1338,4939
110624768,75.3061,39.5331,2.9851,56.238,1.2438,5226
113246208,78.8634,40.852,2.1201,56.1837,0.8441,5094
115867648,77.8309,40.4488,2.2829,56.0585,1.2098,5125
118489088,78.1048,40.3482,2.1857,56.2282,1.2379,5170
121110528,77.4791,40.4275,2.9412,55.517,1.1144,5474
123731968,82.2908,42.6117,2.0502,54.4514,0.8866,5414
126353408,81.8024,42.2998,1.9884,55.1116,0.6003,5331
128974848,82.3203,42.3805,1.5745,55.3889,0.656,5335
131596288,85.4838,44.2135,2.3468,52.5797,0.8599,5582
134217728,80.8227,42.1864,2.9626,54.158,0.693,5772
136839168,82.8171,43.1416,2.6549,53.744,0.4595,5876
139460608,85.9504,44.6194,2.7472,52.0035,0.6299,5715
142082048,83.5753,43.6402,2.7056,53.0921,0.5622,5692
144703488,86.5389,45.0837,2.7253,51.71,0.4809,5614
147324928,85.8785,45.0336,3.1813,51.2372,0.5479,5658
149946368,85.6139,45.0998,3.5002,50.8225,0.5775,5714
152567808,86.8452,45.4577,3.3981,50.7802,0.3641,5768
155189248,87.2438,46.3823,3.8527,49.7651,0.0,5321
157810688,88.6437,46.1089,2.6112,51.2798,0.0,5821
160432128,88.5816,46.5333,3.7167,49.6167,0.1333,6000
163053568,84.1774,44.6653,4.9133,50.2783,0.1431,6289
165675008,88.3848,46.4274,3.4427,49.9838,0.1462,6158
168296448,86.6079,45.7485,4.5591,49.5662,0.1262,6339
170917888,89.8734,46.7953,3.0293,50.0478,0.1276,6272
173539328,88.4647,46.3272,3.6485,49.8784,0.1459,6167
176160768,92.4343,48.3399,3.4024,48.1262,0.1315,6084
178782208,87.1569,45.7929,3.425,50.6175,0.1647,6073
181403648,91.688,47.7363,2.8586,49.273,0.1322,6052
184025088,92.3503,48.1451,3.1987,48.4254,0.2308,6065
186646528,96.034,49.8169,2.713,47.2537,0.2164,6008
189267968,95.2635,50.1709,4.4115,45.3199,0.0977,6143
191889408,96.3207,50.5199,3.895,45.5356,0.0495,6059
194510848,96.0253,50.0253,2.9208,47.0032,0.0507,5923
197132288,95.4314,49.7401,3.0354,47.0569,0.1677,5963
199753728,97.2959,50.743,2.9547,46.1486,0.1537,5855
202375168,96.3332,49.9663,2.9313,46.8329,0.2695,5936
204996608,95.685,49.8509,3.1799,46.8698,0.0994,6038
207618048,99.8704,51.8258,2.7346,45.3742,0.0655,6107
210239488,99.6533,51.7981,2.9033,45.1501,0.1485,6062
212860928,98.9406,51.3691,2.9185,45.5976,0.1148,6099
215482368,100.7231,52.1634,2.5092,45.2308,0.0965,6217
218103808,99.2236,51.6902,3.1106,44.9929,0.2063,6301
220725248,101.881,53.4439,3.981,42.5118,0.0632,6330
223346688,101.8178,53.0113,3.101,43.8224,0.0653,6127
225968128,102.706,53.6176,3.3915,42.8779,0.113,6192
228589568,99.8246,52.3611,3.6978,43.749,0.1921,6247
231211008,103.2941,53.6018,2.554,43.7459,0.0982,6108
233832448,102.6075,53.564,3.0434,43.2805,0.1121,6243
236453888,101.2641,52.6646,2.56,44.6466,0.1288,6211
239075328,105.0775,54.4631,2.5527,42.9183,0.0659,6072
241696768,103.0859,53.3881,2.189,44.2781,0.1449,6213
244318208,104.1257,53.9868,2.4386,43.5424,0.0321,6233
246939648,105.7975,55.1321,2.9624,41.8575,0.048,6245
249561088,104.2937,54.572,3.3885,42.0233,0.0162,6168
252182528,103.6953,54.0434,2.9578,42.9358,0.0629,6356
254803968,106.4034,55.0184,2.4652,42.4684,0.048,6247
257425408,106.6019,55.1175,2.6392,42.1468,0.0966,6214
260046848,108.8537,55.7683,2.0091,42.2226,0.0,6371
262668288,107.2414,55.2146,1.8769,42.9084,0.0,6127
265289728,104.6629,53.7111,1.7385,44.3664,0.1839,5982
267911168,105.5368,54.3027,2.0277,43.5707,0.0989,6066
270532608,106.7786,55.0582,2.4887,42.2915,0.1616,6188
273154048,108.8751,56.1829,2.8892,40.8453,0.0825,6057
275775488,109.3297,56.2698,2.2648,41.3822,0.0833,6005
278396928,107.9219,55.7683,2.7328,41.3517,0.1473,6111
281018368,111.5204,57.1452,2.0509,40.7377,0.0662,6046
283639808,112.814,57.8767,1.9406,40.1174,0.0652,6132
286261248,109.6808,56.1979,1.7494,41.9693,0.0833,6002
288882688,110.5629,56.6942,1.2951,41.8974,0.1133,6177
291504128,111.134,56.9065,1.4184,41.6076,0.0675,5922
294125568,109.2482,56.3015,2.161,41.4385,0.099,6062
296747008,113.2935,58.2361,2.061,39.7028,0.0,6259
299368448,109.9252,56.7451,2.4181,40.805,0.0318,6286
301989888,109.9213,56.6842,2.3,40.9519,0.0639,6261
304611328,112.4969,57.9067,1.9828,40.0618,0.0488,6153
307232768,112.7934,58.0546,2.0036,39.9095,0.0323,6189
309854208,112.934,58.2491,2.3862,39.3331,0.0316,6328
312475648,114.4891,58.5455,1.2397,40.1488,0.0661,6050
315097088,112.305,57.3364,1.1732,41.3913,0.0991,6052
317718528,114.1563,58.3828,1.424,40.0237,0.1695,5899
320339968,112.0401,57.296,1.4674,41.1542,0.0824,6065
322961408,113.9712,58.5705,2.1509,39.2124,0.0662,6044
325582848,116.762,59.6607,1.4989,38.7416,0.0988,6071
328204288,113.736,58.3484,1.912,39.6736,0.0659,6067
330825728,115.5105,58.9079,1.6826,39.3599,0.0495,6062
333447168,116.2183,59.1057,1.2164,39.6094,0.0685,5837
336068608,113.2931,57.5152,0.9817,41.3676,0.1354,5908
338690048,116.4954,59.0615,0.823,39.9755,0.1401,5711
341311488,116.6522,59.0948,0.9699,39.7482,0.1872,5877
343932928,117.8409,60.0206,1.5456,38.3136,0.1202,5823
346554368,115.7048,58.8501,1.2536,39.6289,0.2674,5983
349175808,117.9733,60.01,1.1855,38.6375,0.167,5989
351797248,116.3898,59.0733,1.2974,39.4945,0.1348,5935
354418688,119.2956,60.3663,1.0753,38.3233,0.2352,5952
357040128,117.3526,59.7152,1.3903,38.7102,0.1843,5970
359661568,117.5801,59.5961,1.2218,39.1142,0.0679,5893
362283008,117.5008,59.6774,1.3441,38.8273,0.1512,5952
364904448,119.3423,60.5911,1.4178,37.8715,0.1196,5854
367525888,118.6831,60.3172,1.4814,38.0446,0.1568,5738
370147328,118.1665,60.235,1.6732,37.8605,0.2314,5618
372768768,114.2168,58.0912,1.5034,40.2703,0.1351,5920
375390208,118.452,60.2467,1.5712,38.1145,0.0676,5919
378011648,118.1599,60.1236,1.5035,38.2225,0.1504,5986
380633088,121.436,61.5035,1.1461,37.165,0.1854,5933
383254528,116.8038,59.1897,1.3276,39.2931,0.1897,5800
385875968,119.6425,60.6911,1.4033,37.6776,0.228,5701
388497408,115.9378,58.8072,1.3563,39.5757,0.2608,5751
391118848,116.7908,59.3621,1.3618,39.0611,0.215,5581
393740288,116.1829,59.0012,1.0125,39.7975,0.1888,5827
396361728,116.9445,59.3772,1.0847,39.3632,0.1749,5716
398983168,118.5417,60.1893,1.1015,38.3993,0.3098,5810
401604608,119.678,60.5564,0.9986,38.0884,0.3566,5608
404226048,118.6983,60.286,1.2578,38.1633,0.2929,5804
406847488,120.4393,60.96,1.3343,37.4805,0.2253,5771
409468928,122.895,62.2931,1.3276,36.1552,0.2241,5800
412090368,119.2191,60.5823,1.2378,37.8661,0.3138,5736
414711808,121.589,61.9376,1.5687,36.3213,0.1724,5801
417333248,120.5116,61.2718,1.3022,37.1554,0.2706,5913
